2.5     9000    0.086423
2.5     8800    0.083416
2.5     8600    0.092537
2.5     8400    0.085230
2.5     8200    0.087824
2.5     8000    0.088653
2.5     7800    0.097865
2.5     7600    0.095712
2.5     7400    0.089961
2.5     7200    0.093277
2.5     7000    0.081651
2.5     6800    0.098041
2.5     6600    0.082259
2.5     6400    0.088412
2.5     6200    0.090799
2.5     6000    0.099350
2.5     5800    0.088798
2.5     5600    0.098900
2.5     5400    0.091483
2.5     5200    0.094565
2.5     5000    0.094185
2.5     4800    0.094790
2.5     4600    0.086952
2.5     4400    0.089017
2.5     4200    0.096396
2.5     4000    0.097787
2.5     3800    0.094387
2.5     3600    0.095391
2.5     3400    0.088774
2.5     3200    0.098238
2.5     3000    0.106070
2.5     2800    0.099554
2.5     2600    0.104426
2.5     2400    0.101253
2.5     2200    0.107346
2.5     2000    0.109407
2.5     1800    0.112629
2.5     1600    0.125391
2.5     1400    0.133908
2.5     1200    0.147727
2.5     1000    0.171766
2.5     800     0.206624
2.5     600     0.264912
2.5     400     0.382316

2.3     9000    0.096886
2.3     8800    0.089519
2.3     8600    0.090355
2.3     8400    0.087471
2.3     8200    0.091448
2.3     8000    0.082474
2.3     7800    0.089320
2.3     7600    0.087367
2.3     7400    0.094663
2.3     7200    0.084879
2.3     7000    0.077327
2.3     6800    0.089374
2.3     6600    0.090679
2.3     6400    0.091325
2.3     6200    0.094579
2.3     6000    0.079266
2.3     5800    0.090939
2.3     5600    0.088527
2.3     5400    0.085772
2.3     5200    0.101264
2.3     5000    0.085951
2.3     4800    0.097800
2.3     4600    0.085897
2.3     4400    0.089892
2.3     4200    0.091313
2.3     4000    0.094520
2.3     3800    0.089678
2.3     3600    0.096211
2.3     3400    0.090806
2.3     3200    0.103130
2.3     3000    0.095381
2.3     2800    0.100041
2.3     2600    0.107851
2.3     2400    0.101886
2.3     2200    0.105659
2.3     2000    0.115967
2.3     1800    0.119874
2.3     1600    0.121838
2.3     1400    0.134101
2.3     1200    0.148613
2.3     1000    0.171317
2.3     800     0.206826
2.3     600     0.265714
2.3     400     0.382793

2.1     9000    0.091433
2.1     8800    0.084816
2.1     8600    0.089776
2.1     8400    0.099030
2.1     8200    0.100080
2.1     8000    0.082442
2.1     7800    0.100060
2.1     7600    0.098793
2.1     7400    0.097769
2.1     7200    0.088074
2.1     7000    0.085154
2.1     6800    0.097193
2.1     6600    0.093036
2.1     6400    0.098790
2.1     6200    0.099465
2.1     6000    0.096585
2.1     5800    0.079623
2.1     5600    0.091853
2.1     5400    0.093559
2.1     5200    0.104783
2.1     5000    0.103578
2.1     4800    0.092919
2.1     4600    0.103848
2.1     4400    0.098527
2.1     4200    0.092100
2.1     4000    0.100238
2.1     3800    0.100072
2.1     3600    0.100587
2.1     3400    0.088737
2.1     3200    0.102483
2.1     3000    0.103635
2.1     2800    0.102986
2.1     2600    0.114962
2.1     2400    0.109803
2.1     2200    0.109138
2.1     2000    0.119308
2.1     1800    0.120103
2.1     1600    0.129815
2.1     1400    0.140585
2.1     1200    0.155206
2.1     1000    0.174643
2.1     800     0.209980
2.1     600     0.268275
2.1     400     0.384535

1.9     9000    0.098732
1.9     8800    0.099772
1.9     8600    0.095447
1.9     8400    0.103219
1.9     8200    0.103767
1.9     8000    0.108218
1.9     7800    0.092455
1.9     7600    0.093113
1.9     7400    0.105144
1.9     7200    0.088672
1.9     7000    0.095827
1.9     6800    0.083662
1.9     6600    0.103353
1.9     6400    0.105905
1.9     6200    0.089507
1.9     6000    0.093670
1.9     5800    0.097335
1.9     5600    0.103137
1.9     5400    0.102188
1.9     5200    0.101346
1.9     5000    0.096100
1.9     4800    0.098447
1.9     4600    0.106841
1.9     4400    0.105009
1.9     4200    0.102268
1.9     4000    0.099508
1.9     3800    0.102602
1.9     3600    0.102220
1.9     3400    0.100481
1.9     3200    0.104749
1.9     3000    0.109416
1.9     2800    0.112382
1.9     2600    0.118861
1.9     2400    0.118113
1.9     2200    0.116807
1.9     2000    0.121144
1.9     1800    0.121326
1.9     1600    0.134267
1.9     1400    0.139448
1.9     1200    0.155383
1.9     1000    0.176963
1.9     800     0.211498
1.9     600     0.271212
1.9     400     0.386402

1.7     9000    0.101251
1.7     8800    0.095720
1.7     8600    0.100721
1.7     8400    0.090319
1.7     8200    0.097759
1.7     8000    0.104679
1.7     7800    0.095329
1.7     7600    0.091410
1.7     7400    0.103181
1.7     7200    0.096673
1.7     7000    0.094438
1.7     6800    0.097113
1.7     6600    0.096322
1.7     6400    0.100457
1.7     6200    0.106915
1.7     6000    0.089515
1.7     5800    0.101535
1.7     5600    0.096422
1.7     5400    0.105564
1.7     5200    0.105081
1.7     5000    0.100266
1.7     4800    0.104678
1.7     4600    0.108205
1.7     4400    0.091738
1.7     4200    0.111468
1.7     4000    0.109497
1.7     3800    0.097685
1.7     3600    0.106184
1.7     3400    0.102744
1.7     3200    0.114490
1.7     3000    0.116490
1.7     2800    0.113390
1.7     2600    0.120288
1.7     2400    0.109868
1.7     2200    0.124421
1.7     2000    0.128386
1.7     1800    0.127112
1.7     1600    0.139156
1.7     1400    0.141482
1.7     1200    0.159067
1.7     1000    0.180650
1.7     800     0.214976
1.7     600     0.271525
1.7     400     0.389365

1.5     9000    0.116764
1.5     8800    0.101469
1.5     8600    0.109689
1.5     8400    0.089159
1.5     8200    0.108822
1.5     8000    0.102504
1.5     7800    0.114814
1.5     7600    0.102449
1.5     7400    0.104963
1.5     7200    0.107150
1.5     7000    0.102791
1.5     6800    0.107979
1.5     6600    0.097812
1.5     6400    0.105463
1.5     6200    0.105259
1.5     6000    0.102011
1.5     5800    0.114401
1.5     5600    0.108290
1.5     5400    0.107520
1.5     5200    0.105397
1.5     5000    0.105410
1.5     4800    0.095088
1.5     4600    0.109689
1.5     4400    0.103392
1.5     4200    0.116973
1.5     4000    0.112422
1.5     3800    0.107172
1.5     3600    0.106727
1.5     3400    0.107062
1.5     3200    0.112948
1.5     3000    0.113134
1.5     2800    0.119028
1.5     2600    0.115544
1.5     2400    0.116843
1.5     2200    0.121157
1.5     2000    0.126259
1.5     1800    0.130114
1.5     1600    0.136647
1.5     1400    0.144378
1.5     1200    0.161058
1.5     1000    0.183583
1.5     800     0.217183
1.5     600     0.277655
1.5     400     0.391857

1.3     9000    0.111654
1.3     8800    0.114698
1.3     8600    0.113526
1.3     8400    0.101984
1.3     8200    0.110106
1.3     8000    0.109924
1.3     7800    0.105000
1.3     7600    0.104711
1.3     7400    0.113742
1.3     7200    0.113210
1.3     7000    0.095055
1.3     6800    0.114642
1.3     6600    0.113704
1.3     6400    0.106688
1.3     6200    0.107362
1.3     6000    0.117614
1.3     5800    0.106029
1.3     5600    0.115528
1.3     5400    0.110767
1.3     5200    0.118048
1.3     5000    0.111817
1.3     4800    0.112011
1.3     4600    0.118802
1.3     4400    0.111936
1.3     4200    0.106979
1.3     4000    0.117979
1.3     3800    0.116532
1.3     3600    0.115839
1.3     3400    0.117262
1.3     3200    0.117305
1.3     3000    0.114342
1.3     2800    0.119056
1.3     2600    0.133145
1.3     2400    0.128934
1.3     2200    0.117425
1.3     2000    0.134800
1.3     1800    0.135296
1.3     1600    0.141213
1.3     1400    0.152103
1.3     1200    0.165573
1.3     1000    0.186286
1.3     800     0.221553
1.3     600     0.277444
1.3     400     0.394097

1.1     9000    0.115194
1.1     8800    0.118821
1.1     8600    0.115741
1.1     8400    0.114936
1.1     8200    0.107005
1.1     8000    0.116983
1.1     7800    0.118743
1.1     7600    0.109538
1.1     7400    0.110545
1.1     7200    0.115017
1.1     7000    0.114850
1.1     6800    0.117121
1.1     6600    0.107312
1.1     6400    0.115992
1.1     6200    0.112386
1.1     6000    0.108841
1.1     5800    0.109502
1.1     5600    0.114109
1.1     5400    0.123154
1.1     5200    0.115669
1.1     5000    0.116414
1.1     4800    0.116944
1.1     4600    0.118091
1.1     4400    0.113139
1.1     4200    0.118966
1.1     4000    0.125024
1.1     3800    0.123335
1.1     3600    0.121231
1.1     3400    0.115916
1.1     3200    0.119033
1.1     3000    0.123184
1.1     2800    0.124086
1.1     2600    0.122204
1.1     2400    0.119899
1.1     2200    0.128768
1.1     2000    0.131889
1.1     1800    0.143567
1.1     1600    0.143924
1.1     1400    0.156073
1.1     1200    0.171565
1.1     1000    0.193725
1.1     800     0.226924
1.1     600     0.284253
1.1     400     0.400505
